0000000000000000000000000000000000000000000000000000000000000000
0000000000000000000000000000000000000000000000000000000000000000
0011110000000000000000000000000000000000000011111110000000000000
0010010000000000000000000000000000000000000010000011000000000000
0010010000000000000000000000000000000000000010000001000000000000
0001100000000000000000000000000000000000000010000001100000000000
0000000000000000000000000000000000000000000010000000110000000000
0000000000000000000000000000000000000000000001111100010000000000
0000000000000000000000000000000000000000000000000110100000000000
0000000000000000000000000000001100000000000000000011100000000000
0000000000000000000000000000010110000000000000000000100000000000
0000000000000000000000000000010011000000000000000000000000000000
0000000000000000000000000000010001110000000000000000000000000000
0000000000000000000000000000010000011000000000000000000000000000
0000000000000000000000000000010000001000000000000000000000000000
0000000000000000000000000000100000001100000000000000000000000000
0000000000000000000000000000100000000110000000000000000000000000
0000000000000000000000000000100000000011000000000000000000000000
0000000000000000000000000001100000000001000000000000000000000000
0000000000000000000000000000011011011110111100000000000000001000
0000000000000000000000000000000000000001000110000000000000001100
0000000000000000000000000000000000000001011000000000000000011100
0000000000000000000000000000000000000000000000000000000000010100
0000000000000000000000000000000000000000000000000000000000110100
0000000000000000000000000000000000000000000000000000000000100100
0000000000000000000000000000000000000010000000000000000001100100
0000000000000000000000000000000000000111000000000000000001000100
0000000000000000000000000000000000000101000000000000000001000100
0000000000000000000000000000000000000011100000000000000001000100
0000000000000000000000000000000000000011100000000000000001000100
0000000000000000000000000000000000000001000000000000000011000100
0000000000000000000000000000000000000000000000000000000100000100
0000000000000000000000000000000000000000000000000000001100000100
0000000000000000000000000000000000000000000000000000001000000100
0000000000000000000000000000000000000000000000000000001000000100
0000000000000000000000000000000000000000000000000000011000000100
0000000000000000000000000000000000000000000000000000010000000100
0000000000000000000000000000000000000000000000000000010000000100
0000000000000000000000000000000000000000000000000000110000000100
0000000000000000000000000000000011000000000000000000100000000100
0000000000000000000000000000000011000000000000000000100000000100
0000000000000000000000000000000011000000000000000001100000000100
0000000000000000000000000000000000000000000000000001011111110100
0000000000000000000000000000000000000000000000000001010000010100
0000000000000000000000000000000000000000000000000001010000010100
0000000000000000000000000000000000000000000000000011010000010100
0000000000000000000000000000000000000000000000000011100000000000
0000000000000000000000000000000000000000000000000000000000000000
0000000000000000000000000000000000000000000000000000000000000000
0000000000000000000000000000000000000000000000000000000000000000
0000000000000000000000000000000000000000000000000000000000000000
0000000000000000000000000000000000000100000000000000000000000000
0000000000000000000000000000000000010111000000000000000000000000
0000000000000000000000000000000000010001110000000000000000000000
0000000000000000000000000000000000010000010000000000000000000000
0000000000000000000000000000000001110000011000000000000000000000
0000000000000000000000000000000001000000001100000000000000000000
0000000000000000000000000000000001000000000100000000000000000000
0000000000000000000000000000000001000000000100000000000000000000
0000000000000000000000000000000001000000000100000000000000000000
0000000000000000000000000000000011000000000110000000000000000000
0000000000000000000000000000000001111111111100000000000000000000
0000000000000000000000000000000000000000000000000000000000000000
0000000000000000000000000000000000000000000000000000000000000000
