0000000000000000000000000000000000000000000000000000000000000000
0111111000000000000000110000000000000000000111111111000000000000
0100001000000000000001110000000000000000000100000001100000000000
0100001000000000000001100000000000000000000100000000100000000000
0100001000000000000000000000000000000000000100000000110000000000
0100001000000000000000000000000000000000000100000000011000000000
0011111000000000000000000000000000000000000100000000001000000000
0000011000000000000000000001110000000000000100000000001100000000
0000011000000000000000000001111110000000000111111000011100000000
0000011000000000000000000000100011000000000110001100010000000000
0000011000000000000000000000100001100000000110000110110000000000
0000011000000000000000000000100000111000000110000010100000000000
0000011000000000000000000000100000001100000110000010100000000000
0000011000000000000000000000100000000100000100000000000000000000
0000011000000000000000000001000000000110000000000000000000000000
0000011000000000000000000001000000000011000000000000000000000100
0000011000000000000000000001000000000001100000000110000000000110
0000011000000000000000000011000000000000100000001111000000001110
0000011000000000000000000110000000000000111101110100000000011010
0000011000000000000000000000000000000000000000000000000000010010
0000011000000000000000000011011011011110000000110000000000110010
0000011000000000000000000000000000000010000011000000000000100010
0000011000000000000000000000000000000010001100000000000001100010
0000011000000000000000000000000000000010110000000000000001000010
0000011000000000000000000000000000000110100000000000000011000010
0000011000000000000000000000000000001100100000000000000010000010
0000011000000000000000000000000000001000100000000000000010000010
0000011000000000000000000000000000011000110000000000000010000010
0000011000000000000000000000000000110000010000000000000010000010
0000011000000000000000000000000000011100010000000000000110000010
0000011000000000000000000000000000000110000000000000001000000010
0000011000000000000000000000000000000000000000000000011000000010
0000011000000001000000000000000000000000000000000000010000000010
0000011000000001100000000000000000000000000000000000010000000010
0000011000000000000000000000000000000000000000000000110000000010
0000011000000000000000000000000000000000000000000000100000000010
0000011000000000000000000000000000000001100000000000100000000010
0000011000000000000000000000000011100001100000000001100000000010
0000011000000000000000000000000000010001010000000001000000000010
0000011000000000000000000000000100110000010000000001000000000010
0000011000000000000000000000000100100000000000000011000000000010
0000011000000000000000000000000100100000000000000010000000000010
0000011000000000000000000000000100000000000000000010000000000010
0000011000000000000000000000000000000000000000000010001111100010
0000011000000000000000000000000000000000000000000110001000100010
0000011000000000000000000000000000000000000000001000001000100010
0000011000000000000000000000000000000000000000001000001000100010
0000011000000000000000000000000000000000000000000111110000101110
0000010000000000000000000000000000010100000000000000000000101000
0000000000000000000000000000000000010100000000000000000000011000
0000000000000000000000000000000000010110000000000000000000000000
0000000000000000000000000000000000100011100000000100000000000000
0000000000000000000000000000000000100000111000001111000000000000
0000000000000000000000000000000000100000001000001011000000000000
0000000000000000000000000000000011100000001100001010000000000000
0000000000000000000000000000000010000000000110001110000000000000
0000000000000000000000000000000010000000000010000100000000000000
0000000000000000000000000000000010000000000010000000000000000000
0000000000000000000000000000000010000000000010000000000000000000
0000000000000000000000000000000110000000000011000000000000000000
0000000000000000000000000000000100000000000001000000000000000000
0000000000000000000000000000000100000000000001000000000000000000
0000000000000000000000000000000011111111111110000000000000000000
0000000000000000000000000000000000000000000000000000000000000000
