1111111100000000001111111111000000000000011111111111100000000000
1000000100000000011000000001100011001100011000000000110000000000
1000000100000000100110000110000111000100001000000000010000000000
1000000100000000100010011000000101100000001000000000011000000000
1000000100000000000001100000000101000000001000000000001100000000
1000000100000000000000000000000000000000001000000000000100000000
1000000100000000000100000101111000000000001000000000000110000000
1011100100000000000100001100001111000000001000000000000010000000
1110100100000000000000000100000001100000001000000000000110000000
1100100100000000000000000011000000110000001001110000001100000000
0100100100000000000000000001000000011100001001011000011000000000
0000100100000000000000000001000000000110001001001100010000000000
0000100100000000000000011011000000000010001001000100110000000010
0000100100000000000000010000000000000011001001000111100000000111
0000100100000000000000000110000000000001101101000011000000001101
0000100100000000000000000010000000000000110101001111100000001001
0000100100000000000000000110000000000000010101011000100000011001
0000100100000000000000001100000000000000011101110001100000110001
0000100100000001000000011000000000000000000000000001000000100001
0000100100000001100000001000000000000000000000000110000001100001
0000100100000001110000001000000000000000000000000100000001000001
0000100100000001011000000011011111011100000000011100000011000001
0000100100000001000000000010001100000100000001110000000010000001
0000100100000001101000000000000000001100000111000000000110000001
0000100100000000101000000000000000011000011100000000000100000001
0000100100000000100000000000000000010000010000000000001100000001
0000100100000000000000000000000000110000011000000000001100000001
0000100100000000000000000000000001100000001000000000000100000001
0000100100000000000000000000000011000000001000000000001100000001
0000100100000000000000000000000110000000001000000000010000000001
0000100100000000001000000000001101111000000000000000110000000001
0000100100000000001000000000011111001100011000000000100000000001
0000100100000000000000000000011100000101110000000000100000000001
0000100100000010000000000001101000000111001000000001100000000001
0000100100000011000000000001110000001011001000000001000000000001
0000100100000000000000000000101010011011110000000001000000000001
0000100100000000000000000000001011111110010000000011000000000001
0000100100000000000000000000001000001110011000000010000000000001
0000100100000000000000000000000000001010001000000010000000000001
0000100100000000000000000000001000011011011000000110000000000001
0000100100000000000000000000001000010001010000000100000000000001
0000100100000000000000000000001000011001010000000100000000000001
0000100100000000000000000000011000000111110000000100000000000001
0000100100000000000000000000011101111101000000001100000000000001
0000100100000000000000000000000101000000000000010000000111000001
0000100100000000000000000000000111100101000000010000000101000001
0000100100000000000000000000000011111111000000010000000101000001
0000100100000000000000000000000001100010000000010000000101000011
0000100100000000000000000000000000100010000000001111111101000110
0000110000000001000000000000000000100011000000000000011011001100
0000010100000001000000000000000001000001110000001110000010011000
0000010110000000000100000000000001000000011100010011100010110000
0000010110000000000100000000000001000000000100010000100110100000
0000010100000000000000100000000111000000000110010001100101100000
0000010000000000000000100000000100000000000011010001000101000000
0000010100000000000000000000000100000000000001010001101001000000
0000010110000000000000000000000100000000000001011000101011000000
0001010110000000000001100000000100000000000001001111111010000000
0011010100000000000000000000001100000000000001100001110110000000
0011010100000000000000000000001000000000000000100000010100000000
0011010100000000000000000000011000000000000000100000001100000000
0011010100000000000000000000011000000000000000110000000000000000
0011010100000000000000000000001000000000000000010000000000000000
0011011100000000000000000000000111111111111111110000000000000000
