0000000000000000000000000000000000000000000000000000000000000000
0000000000000000000000000000000000000000000000000000000000000000
0000000000000000000000000000000000000000000000000000000000000000
0001100000000000000000000000000000000000000001111100000000000000
0001100000000000000000000000000000000000000001000110000000000000
0000000000000000000000000000000000000000000001000010000000000000
0000000000000000000000000000000000000000000000111100000000000000
0000000000000000000000000000000000000000000000000000000000000000
0000000000000000000000000000000000000000000000000000000000000000
0000000000000000000000000000000000000000000000000000000000000000
0000000000000000000000000000000000000000000000000000000000000000
0000000000000000000000000000000100000000000000000000000000000000
0000000000000000000000000000001110000000000000000000000000000000
0000000000000000000000000000001011100000000000000000000000000000
0000000000000000000000000000001000110000000000000000000000000000
0000000000000000000000000000001000010000000000000000000000000000
0000000000000000000000000000010000011000000000000000000000000000
0000000000000000000000000000010000001100000000000000000000000000
0000000000000000000000000000000011011000000000000000000000000000
0000000000000000000000000000000000000000000000000000000000000000
0000000000000000000000000000000000000000000000000000000000000000
0000000000000000000000000000000000000000000000000000000000000000
0000000000000000000000000000000000000000000000000000000000000000
0000000000000000000000000000000000000000000000000000000000000000
0000000000000000000000000000000000000000000000000000000000010000
0000000000000000000000000000000000000000000000000000000000011000
0000000000000000000000000000000000000000000000000000000000111000
0000000000000000000000000000000000000000000000000000000000101000
0000000000000000000000000000000000000000000000000000000000101000
0000000000000000000000000000000000000000000000000000000000101000
0000000000000000000000000000000000000000000000000000000000101000
0000000000000000000000000000000000000000000000000000000001101000
0000000000000000000000000000000000000000000000000000000010001000
0000000000000000000000000000000000000000000000000000000110001000
0000000000000000000000000000000000000000000000000000000100001000
0000000000000000000000000000000000000000000000000000000100001000
0000000000000000000000000000000000000000000000000000001100001000
0000000000000000000000000000000000000000000000000000001000001000
0000000000000000000000000000000000000000000000000000001000001000
0000000000000000000000000000000000000000000000000000011000001000
0000000000000000000000000000000000000000000000000000010000001000
0000000000000000000000000000000000000000000000000000001111110000
0000000000000000000000000000000000000000000000000000000000000000
0000000000000000000000000000000000000000000000000000000000000000
0000000000000000000000000000000000000000000000000000000000000000
0000000000000000000000000000000000000000000000000000000000000000
0000000000000000000000000000000000000000000000000000000000000000
0000000000000000000000000000000000000000000000000000000000000000
0000000000000000000000000000000000000000000000000000000000000000
0000000000000000000000000000000000000000000000000000000000000000
0000000000000000000000000000000000000000000000000000000000000000
0000000000000000000000000000000000000000000000000000000000000000
0000000000000000000000000000000000000000000000000000000000000000
0000000000000000000000000000000000000110000000000000000000000000
0000000000000000000000000000000000001011100000000000000000000000
0000000000000000000000000000000000001000100000000000000000000000
0000000000000000000000000000000000111000110000000000000000000000
0000000000000000000000000000000000100000011000000000000000000000
0000000000000000000000000000000000100000001000000000000000000000
0000000000000000000000000000000000100000001000000000000000000000
0000000000000000000000000000000000011111110000000000000000000000
0000000000000000000000000000000000000000000000000000000000000000
0000000000000000000000000000000000000000000000000000000000000000
0000000000000000000000000000000000000000000000000000000000000000
