0000000000000000110000000000123222210000000000000000000000000000
0000000000000000002210001322002000001100001100000000000000000000
0000000000000000102001220202002001222100000000000000000000002100
0001100000000000102000020202223210000000000001111111000000001000
0001200000000000022010020220000000000000000001555551100000000000
0010100000000000010020021020000000001000000001555555100000000000
0010010000000000000130100020000000013210000002115555110000000000
0100010000000000000022200010000000000000000001011555510000000000
0100001000000000000000012201100000000000000010001155110000000000
1000012000000000000000000200012000000000000010000111100000000000
3100011000000000000000000200002111000000000100000012000000000000
1000011000000000000000000200001551100000000210000002000000000001
0000011000000000000000000200011555110000000110000001000000000001
0000011000000000000000002322215555511000000110000000000000000010
0000011000000000100000222000115555551100000120000000000000000130
0000011000000000200002200000015555555110000020000000000000000010
0000011000000000200001000000115555555510000020000010000000000100
0000011000000000200000000001155555555511000020000120000000001300
0000011000000002200000000022211111211151100020000000000000000100
0000011000000001000000222220101100100115110121000001000000001000
0000011000000000100002200000000000000011511211000001000000002000
0000011000000000100001000100000000000001111100000000000000012000
0000011000000000010000100200000000000000210000000000000000011000
0000011000000000130001320200000000000002200000000000000000111000
0000011000000000020000032200000000000022000000011000000000151000
0000011000000000032100020000000000000020000000000000000001151000
0000011000000000020000010000000000000121000000000000000001151000
0000011000000000020000000000000000001151000000000000010000151000
0000011000000000020000000000000000122151000000000000010001151000
0000011000000000010000000000000000000111000000000000000011551000
0000011000000000001000000000000210000022210000100000000115551000
0000011000000000001000000000002200000020000000200000000155551000
0000011000000000000000000000001000000020000000200000000155551000
0000011000000000000000000000000000100010001000200000001155551000
0000011000000000000000000000000000221000001000200000001555551000
0000011000001200000001000001000100000000000000200000001555551000
0000011000000100000012000022000100000001000000200000011555551000
0000011000010000000000000020000000000002200000100000015555551000
0000011000020000000000000220000000000000200000010000015555551000
0000011000010000000000000100000000000000200000020000115555551000
0000011000000000000000021000000000000100200000020000155555551000
0000011000000000000000020000000000000200200000020000155111551000
0000011000000000010001010000000010012201300000020000151101151000
0000011000000000020022000000000020000010200000010001111000111000
0000011000000000010120000000000020000020100000000011110000012000
0000011000000000000000000000000022000020000000000011100000002000
0000011000000000000000000000000002200220000000000000010000002000
0000021000000000000000000000000000210100000000000000010000001000
0000010000000000000000000000000000000000000000010000000000010000
0000001000000001000120000000000122222000000000020000000000220000
1000002000000001000010000000000000002100000000010000000000100000
2200002100000000000100000000000000001110000000000000000001000000
0220002100000000000100000000000000001511000000000110000012000000
0020002000000000000000100000000000011551110000000210000021000000
0020003100000000000000100000000000115555511000000200012220000000
0020002000000000000121000000000000155555551000000210000110000000
0020002100000000000000000000000000155555551000000001000210000000
0021002100000000000001100000000000155555551000000002100100000000
0011002000000000000000000000000001155555551100000000000000000000
0011002000000000000000000000000001555555555100000000000000000000
0011002000000000000000000000000012111111111100000000010000000000
0011002000000000000000000000000000000000000011000000010000000000
0011001000000000000000000000000000000000000000000000000000000000
0011000000000000000000000000011000000000000000000000000000000000
