0000000000000000120000000000223223210000000000000000000000000000
0111111000000000023222112223202002000000000111111111000000000000
0155551000000000002001112002002003221000000155555551100000002100
0155551000000000002001102202223232000000000155555555100000001000
0155551000000000022022220220000020000000000155555555110000000000
0155551000000000010020021020000010001000000155555555511000000000
0211111000000000000020100020000000013210000155555555551000000000
0200011000000000000032200021110000000000000155555555551100000000
0200011000000000000010012321111110000000000111111555511100000000
0200011000000000000000000200155511000000000110001155510000000000
2200011000000000000000000200155551100000000110000115110000000000
1000011000000000000000000200155555111000000110000015100000000001
0000011000000000000000000200155555551100000110000012100000000002
0000011000000000000000002322155555555100000120000002000000000002
0000011000000000100000223001555555555110000020000002000000000022
0000011000000000200002201001555555555511000020000002000000000120
0000011000000000200001000001555555555551100020000112000000000110
0000011000000000200000000011555555555555100020001111000000001110
0000011000000000200000000115555555555555111121112120000000011510
0000011000000000200000222255555555555555555555551022000000015510
0000011000000000200002200211211211211115555555112001000000115510
0000011000000000200001012200200100200015555511201000000000155510
0000011000000000232100101200100000100015551120100000000001155510
0000011000000000020001320200000000000015112010000000000001555510
0000011000000000020000032200000000000115101000121000000011555510
0000011000000000032100020000000000001155100001310000000015555510
0000011000000000020000010000000000001555100000100000000015555510
0000011000000000020000000000000000011555110000000000010015555510
0000011000000000020000000000000000115555510000000000020015555510
0000011000000000010000000000000002211155510000000000022115555510
0000011000000000000000000000000022000115122100100000001555555510
0000011000000000100000000000000220000021200000200000011555555510
0000011000000001310000000000002200000020100000200000015555555510
0000011000000001100000000000022000100020000000200000015555555510
0000011000000000000000000000220100220020000000200000115555555510
0000011000001200000001000002200200020020000000200000155555555510
0000011000000100000012000022000200020021100000200000155555555510
0000011000010000000000000020000211132221100000100001155555555510
0000011000020000000000000220012255510001210000010001555555555510
0000011000010000000000000100000155110000210000020001555555555510
0000011000000000000000021000000155100100200000020011555555555510
0000011000000000000000020000000155100200200000020015555555555510
0000011000000000010001010000000121222300200000020015555555555510
0000011000000000020022000000000020000232300000020015551111155510
0000011000000000010120000000000020000020100000022115551000155510
0000011000000000000000000000000020000020000000001555551000155510
0000011000000000000000000000000022000020000000001555551000155510
0000011000000000000000000000000002221220000000002111112000151110
0000012000000000000000000000000000015100000000022000001000151000
0000003210000000000120000000000122015100000000020000000000211000
1000002000000000000010000000000002215110000000020000000001200000
2200002000000000000000000000000000155511100000022100000002100000
0220003100000000000000000000000000155555111000001111000002000000
0020002000000000000000000000000000155555551000001511000022000000
0020003210000000000000000000000011155555551100001510012020000000
0020002000000000000121000000000015555555555110001110002220000000
0020002000000000000000000000000015555555555510000122000210000000
0020003100000000000000000000000015555555555510000002000200000000
0020002000000000000000000000000015555555555510000002223200000000
0020002000000000000000000000000115555555555511000000002000000000
0020002000000000000000000000000155555555555551000000022000000000
0020002000000000000000000000000155555555555551000000010000000000
0020002000000000000000000000000211111111111112200000000000000000
0010001000000000000000000000012200000000000000100000000000000000
