0000000000000000110000000000123222210000000000000000000000000000
0000000000000000002210001322002000001100001100000000000000000000
0011110000000000102001220202002001222100000011111111000000002100
0015510000000000102000020202223210000000000015555551100000001000
0015510000000000022010020220000000000000000015555555110000000000
0021110000000000010020021020000000001000000015555555510000000000
0010120000000000000130100020000000013210000015555555511000000000
0100010000000000000022200010000000000000000011115555551000000000
0100001000000000000000012201211000000000000021011555511000000000
1000012000000000000000000200111111000000000010001155110000000000
3100011000000000000000000200015551100000000100000111100000000000
1000011000000000000000000200015555110000000210000012000000000001
0000011000000000000000000200115555511000000110000001000000000001
0000011000000000000000002322155555551100000110000000000000000010
0000011000000000100000222001155555555110000120000000000000000130
0000011000000000200002200000155555555511000020000000000000000010
0000011000000000200001000001155555555551000020000010000000000100
0000011000000000200000000011555555555551100020001220000000001200
0000011000000002200000000115555555555555110121012100000000001100
0000011000000001000000222221211111211155511151121001000000011100
0000011000000000100002200010101100100115555551110001000000015100
0000011000000000100001000100000000000011555111000000000000115100
0000011000000000010000100200000000000001511100000000000000155100
0000011000000000130001320200000000000011110000000000000001155100
0000011000000000020000032200000000000111100000011000000001555100
0000011000000000032100020000000000000151000000000000000011555100
0000011000000000020000010000000000001151100000000000000011555100
0000011000000000020000000000000000011555100000000000010001555100
0000011000000000020000000000000000121555100000000000010011555100
0000011000000000010000000000000000001155100000000000000115555100
0000011000000000001000000000000210000111210000100000001155555100
0000011000000000001000000000002200000021000000200000001555555100
0000011000000000000000000000001000000020000000200000001555555100
0000011000000000000000000000000000100010001000200000011555555100
0000011000000000000000000000000000221000001000200000015555555100
0000011000001200000001000001000100000000000000200000015555555100
0000011000000100000012000022000100000001000000200000115555555100
0000011000010000000000000020000010000002200000100000155555555100
0000011000020000000000000220000131100000200000010000155555555100
0000011000010000000000000100000011100000200000020001155555555100
0000011000000000000000021000000011000100200000020001555555555100
0000011000000000000000020000000012100200200000020001555555555100
0000011000000000010001010000000131012201300000020001555111555100
0000011000000000020022000000000020000010200000010011551101155100
0000011000000000010120000000000020000020100000000115511000115100
0000011000000000000000000000000022000020000000000155510000015100
0000011000000000000000000000000002200220000000000111120000015100
0000021000000000000000000000000000210100000000000000010000011100
0000010000000000000000000000000000001000000000010000000000021000
0000001000000001000120000000000122222100000000020000000000220000
1000002000000001000010000000000000015110000000010000000000100000
2200002100000000000100000000000000015511000000000000000001000000
0220002100000000000100000000000000015551110000000110000012000000
0020002000000000000000100000000000115555511000000210000021000000
0020003100000000000000100000000001155555551100000200012220000000
0020002000000000000121000000000001555555555100000210000110000000
0020002100000000000000000000000001555555555100000001000210000000
0021002100000000000001100000000001555555555100000002100100000000
0011002000000000000000000000000011555555555110000000000000000000
0011002000000000000000000000000015555555555510000000000000000000
0011002000000000000000000000000115555555555510000000010000000000
0011002000000000000000000000000111111111111121000000010000000000
0011001000000000000000000000000000000000000000000000000000000000
0011000000000000000000000000011000000000000000000000000000000000
